		Micronutrient				Macronutrient		
id	timestamp	temperature	moisture	ph	conductivity	nitrogen	phosporus	kalium
10	2025-05-21 22:17:37	26.9	95.0	4.0	350.0	56.0	43.0	60.0
12	2025-05-21 22:17:52	26.9	95.0	4.0	350.0	58.0	40.0	61.0
13	2025-05-21 22:17:59	26.9	95.0	4.0	350.0	57.0	45.0	59.0
16	2025-05-21 22:18:21	26.9	908.0	3.0	4044619.0	58.0	44.0	57.0
18	2025-05-21 22:18:36	26.9	95.0	4.0	350.0	55.0	45.0	49.0
19	2025-05-21 22:18:43	26.9	95.0	4.0	350.0	35.0	21.0	25.0
27	2025-05-21 22:19:42	26.9	98.0	4.0	350.0	26.0	22.0	21.0
28	2025-05-21 22:19:49	26.9	94.6	4.0	350.0	36.0	20.0	35.0
29	2025-05-21 22:19:56	26.9	99.0	4.0	350.0	26.0	12.0	24.0
30	2025-05-21 22:20:03	26.9	100.0	4.0	350.0	39.0	10.0	34.0
37	2025-05-21 22:20:54	26.9	100.0	4.0	350.0	26.0	11.0	25.0
38	2025-05-21 22:21:01	26.9	100.0	4.0	350.0	37.0	22.0	33.0
40	2025-05-21 22:21:15	26.9	100.0	4.0	350.0	39.0	11.0	31.0
43	2025-05-21 22:21:37	26.9	100.0	4.0	350.0	33.0	14.0	32.0
54	2025-05-21 22:22:59	15.0	100.0	4.0	350.0	35.0	27.0	23.0
63	2025-05-21 22:24:06	15.0	100.0	4.0	350.0	28.0	17.0	21.0
66	2025-05-21 22:24:29	15.0	900.0	3.0	3944619.0	32.0	18.0	23.0
75	2025-05-21 22:25:36	15.0	100.0	4.0	350.0	32.0	22.0	22.0
82	2025-05-21 22:26:29	15.0	100.0	4.0	350.0	29.0	23.0	21.0
85	2025-05-21 22:26:52	15.0	100.0	4.0	350.0	55.0	45.0	60.0
90	2025-05-21 22:27:29	15.0	898.0	3.0	4544619.0	56.0	40.0	62.0
91	2025-05-21 22:27:37	15.0	100.0	4.0	350.0	57.0	42.0	60.0
93	2025-05-21 22:27:52	15.0	100.0	4.0	350.0	56.0	43.0	60.0
94	2025-05-21 22:27:59	15.0	100.0	4.0	350.0	58.0	40.0	61.0
95	2025-05-21 22:28:06	15.0	100.0	4.0	350.0	57.0	45.0	59.0
104	2025-05-21 22:29:14	15.0	100.0	4.0	350.0	58.0	44.0	57.0
108	2025-05-21 22:29:44	15.0	800.0	4.0	4344619.0	55.0	45.0	49.0
126	2025-05-21 22:31:59	15.0	100.0	4.0	350.0	30.0	22.0	29.0
134	2025-05-21 22:32:59	15.0	100.0	4.0	350.0	36.0	22.0	35.0
139	2025-05-21 22:33:37	18.0	100.0	4.0	400.0	29.0	13.0	23.0
145	2025-05-21 22:34:22	19.0	100.0	4.0	400.0	28.0	17.0	26.0
150	2025-05-21 22:35:00	22.0	795.0	3.0	4544619.0	24.0	23.0	23.0
152	2025-05-21 22:35:15	23.0	35.0	4.0	400.0	33.0	21.0	20.0
155	2025-05-21 22:35:39	26.5	37.0	4.1	400.0	34.0	27.0	24.0
158	2025-05-21 22:36:00	26.5	800.0	3.0	4444619.0	37.0	17.0	22.0
160	2025-05-21 22:36:15	26.5	38.0	4.0	400.0	27.0	21.0	21.0
161	2025-05-21 22:36:23	26.5	825.0	3.1	4344619.0	29.0	21.0	20.0
167	2025-05-21 22:37:09	26.4	900.0	3.0	3944619.0	36.0	17.0	24.0
171	2025-05-21 22:37:38	26.5	38.0	4.0	400.0	55.0	45.0	60.0
172	2025-05-21 22:37:46	26.5	856.0	3.1	4244619.0	56.0	40.0	62.0
176	2025-05-21 22:38:15	26.5	38.0	4.0	400.0	57.0	42.0	60.0
183	2025-05-21 22:39:07	26.4	888.0	3.0	4044619.0	56.0	43.0	60.0
186	2025-05-21 22:39:30	26.4	38.0	4.0	400.0	58.0	40.0	61.0
199	2025-05-21 22:41:08	26.4	900.0	3.0	4044619.0	57.0	45.0	59.0
201	2025-05-21 22:41:23	26.4	870.0	3.0	4244619.0	58.0	44.0	57.0
203	2025-05-21 22:41:37	26.4	43.0	4.0	400.0	55.0	45.0	49.0
206	2025-05-21 22:41:59	26.3	45.0	4.0	400.0	34.0	10.0	23.0
211	2025-05-21 22:42:36	26.4	900.0	3.0	3944619.0	31.0	16.0	22.0
213	2025-05-21 22:42:51	26.3	47.0	3.9	400.0	31.0	29.0	27.0
214	2025-05-21 22:42:58	26.3	47.0	3.9	400.0	38.0	18.0	20.0
216	2025-05-21 22:43:13	27.0	920.0	2.9	4144619.0	31.0	29.0	25.0
219	2025-05-21 22:43:36	26.3	49.0	3.9	400.0	36.0	16.0	23.0
220	2025-05-21 22:43:44	26.3	50.0	3.9	400.0	37.0	10.0	32.0
226	2025-05-21 22:44:29	26.3	92.6	3.9	400.0	35.0	25.0	31.0
229	2025-05-21 22:44:52	26.3	91.5	3.9	400.0	37.0	27.0	27.0
231	2025-05-21 22:45:07	26.3	930.0	2.9	4044619.0	37.0	23.0	27.0
233	2025-05-21 22:45:22	26.3	91.5	4.0	400.0	38.0	24.0	22.0
238	2025-05-21 22:46:00	26.3	92.0	4.0	400.0	34.0	15.0	22.0
241	2025-05-21 22:46:22	26.3	900.0	2.0	4044619.0	36.0	10.0	21.0
244	2025-05-21 22:46:43	26.3	92.6	4.0	400.0	30.0	12.0	21.0
248	2025-05-21 22:47:13	26.3	92.1	4.0	400.0	30.0	23.0	21.0
252	2025-05-21 22:47:42	26.2	92.1	4.0	400.0	33.0	16.0	27.0
254	2025-05-21 22:47:57	26.2	92.1	4.0	400.0	33.0	10.0	31.0
257	2025-05-21 22:48:19	26.2	92.1	4.0	400.0	34.0	24.0	24.0
269	2025-05-21 22:49:47	26.2	870.0	3.9	4044989.0	37.0	25.0	35.0
274	2025-05-21 22:50:25	26.2	92.1	3.8	400.0	30.0	25.0	27.0
276	2025-05-21 22:50:39	26.2	900.0	2.8	3944999.0	34.0	16.0	22.0
290	2025-05-21 22:52:24	26.2	92.0	3.8	400.0	30.0	20.0	20.0
295	2025-05-21 22:53:00	26.2	928.0	3.8	3844999.0	38.0	29.0	25.0
297	2025-05-21 22:53:15	26.1	91.8	3.8	400.0	38.0	14.0	37.0
298	2025-05-21 22:53:22	26.2	92.0	3.8	400.0	34.0	15.0	27.0
300	2025-05-21 22:53:37	26.1	92.0	3.8	400.0	31.0	11.0	20.0
308	2025-05-21 22:54:36	26.1	92.0	3.8	400.0	39.0	26.0	33.0
310	2025-05-21 22:54:52	26.1	91.5	3.8	400.0	39.0	28.0	20.0
315	2025-05-21 22:55:29	26.1	92.3	3.8	470.0	36.0	11.0	28.0
317	2025-05-21 22:55:44	26.1	92.0	3.8	470.0	30.0	16.0	21.0
323	2025-05-21 22:56:29	26.1	91.5	3.8	470.0	28.0	11.0	22.0
331	2025-05-21 22:57:27	26.1	92.6	3.8	470.0	31.0	15.0	25.0
338	2025-05-21 22:58:18	26.1	92.1	3.8	470.0	36.0	15.0	24.0
344	2025-05-21 22:59:01	26.1	92.1	3.7	470.0	36.0	19.0	29.0
347	2025-05-21 22:59:22	26.1	92.0	3.7	470.0	35.0	23.0	32.0
357	2025-05-21 23:00:35	26.0	909.0	3.8	4344999.0	31.0	13.0	26.0
360	2025-05-21 23:00:56	26.0	91.8	3.8	470.0	35.0	17.0	28.0
366	2025-05-21 23:01:40	26.0	91.7	3.8	470.0	31.0	13.0	21.0
367	2025-05-21 23:01:47	26.0	900.0	3.8	4144999.0	28.0	24.0	22.0
372	2025-05-21 23:02:24	25.9	92.0	3.8	470.0	35.0	20.0	29.0
378	2025-05-21 23:03:09	26.0	91.5	3.8	470.0	24.0	11.0	20.0
379	2025-05-21 23:03:16	26.0	91.5	3.8	470.0	36.0	18.0	23.0
381	2025-05-21 23:03:30	26.0	92.1	3.8	470.0	22.0	17.0	20.0
383	2025-05-21 23:03:45	26.0	92.1	3.8	470.0	38.0	10.0	35.0
389	2025-05-21 23:04:30	25.9	92.0	3.8	470.0	24.0	12.0	22.0
391	2025-05-21 23:04:44	25.9	92.0	3.8	470.0	31.0	14.0	25.0
395	2025-05-21 23:05:14	25.9	92.0	3.8	470.0	25.0	15.0	21.0
396	2025-05-21 23:05:21	25.9	91.3	3.8	470.0	36.0	11.0	27.0
399	2025-05-21 23:05:44	25.9	91.5	3.8	470.0	24.0	14.0	23.0
402	2025-05-21 23:06:05	25.9	92.1	3.8	470.0	32.0	26.0	23.0
403	2025-05-21 23:06:13	25.9	91.5	3.8	470.0	39.0	19.0	32.0
407	2025-05-21 23:06:43	25.9	92.0	3.8	470.0	39.0	25.0	32.0
413	2025-05-21 23:07:26	25.9	91.3	3.8	470.0	28.0	15.0	25.0
417	2025-05-21 23:07:55	25.8	91.7	3.8	470.0	33.0	24.0	21.0
422	2025-05-21 23:08:33	25.8	91.8	3.8	470.0	37.0	25.0	24.0
424	2025-05-21 23:08:47	25.8	91.8	3.8	470.0	33.0	26.0	21.0
425	2025-05-21 23:08:55	25.8	91.8	3.8	470.0	55.0	45.0	60.0
427	2025-05-21 23:09:09	25.8	925.0	3.8	3944999.0	56.0	40.0	62.0
429	2025-05-21 23:09:24	25.9	92.0	3.8	470.0	57.0	42.0	60.0
433	2025-05-21 23:09:55	25.8	92.0	3.8	470.0	56.0	43.0	60.0
438	2025-05-21 23:10:32	25.8	900.0	3.8	4044999.0	58.0	40.0	61.0
445	2025-05-21 23:11:24	25.8	92.0	3.8	470.0	57.0	45.0	59.0
449	2025-05-21 23:11:55	25.8	92.1	3.8	470.0	58.0	44.0	57.0
451	2025-05-21 23:12:09	25.9	91.8	3.8	470.0	55.0	45.0	49.0
452	2025-05-21 23:12:17	25.8	91.8	3.8	470.0	30.0	16.0	26.0
456	2025-05-21 23:12:46	25.8	955.0	3.8	4145799.0	33.0	22.0	26.0
463	2025-05-21 23:13:38	25.8	92.1	3.8	470.0	37.0	11.0	25.0
466	2025-05-21 23:13:59	25.8	978.0	3.8	3945799.0	35.0	11.0	24.0
471	2025-05-21 23:14:36	25.8	91.5	3.8	470.0	36.0	16.0	26.0
476	2025-05-21 23:15:12	25.8	91.8	3.8	470.0	35.0	25.0	26.0
488	2025-05-21 23:16:40	25.8	91.8	3.8	470.0	36.0	27.0	25.0
489	2025-05-21 23:16:47	25.7	980.0	3.8	3845799.0	39.0	13.0	34.0
495	2025-05-21 23:17:32	25.7	92.0	3.8	470.0	34.0	24.0	26.0
497	2025-05-21 23:17:46	25.7	982.0	3.8	3745799.0	26.0	24.0	20.0
507	2025-05-21 23:18:59	25.7	92.1	3.8	470.0	36.0	20.0	32.0
513	2025-05-21 23:19:44	25.8	987.0	3.8	3645799.0	33.0	17.0	30.0
520	2025-05-21 23:20:35	25.8	92.0	3.8	470.0	38.0	11.0	23.0
521	2025-05-21 23:20:42	25.8	91.3	3.8	470.0	30.0	18.0	21.0
526	2025-05-21 23:21:20	25.8	982.0	3.8	3945799.0	38.0	14.0	27.0
527	2025-05-21 23:21:28	25.8	91.8	3.8	470.0	26.0	24.0	22.0
528	2025-05-21 23:21:35	25.8	91.3	3.8	470.0	32.0	26.0	28.0
532	2025-05-21 23:22:05	25.8	91.7	3.8	470.0	33.0	26.0	25.0
543	2025-05-21 23:23:28	25.7	92.1	3.7	470.0	27.0	18.0	20.0
544	2025-05-21 23:23:36	25.7	92.0	3.7	470.0	26.0	13.0	21.0
548	2025-05-21 23:24:06	25.7	91.8	3.7	470.0	32.0	20.0	20.0
559	2025-05-21 23:25:26	25.7	825.0	3.7	4345799.0	35.0	14.0	27.0
563	2025-05-21 23:25:55	25.7	840.0	3.7	4145799.0	38.0	15.0	36.0
565	2025-05-21 23:26:11	25.7	92.0	3.7	470.0	39.0	14.0	36.0
572	2025-05-21 23:27:02	25.6	830.0	3.7	4245799.0	38.0	14.0	31.0
576	2025-05-21 23:27:32	25.6	92.0	3.7	470.0	30.0	17.0	27.0
578	2025-05-21 23:27:46	25.6	91.3	3.7	470.0	32.0	28.0	27.0
581	2025-05-21 23:28:10	25.6	91.3	3.7	470.0	38.0	11.0	30.0
582	2025-05-21 23:28:17	25.6	91.3	3.7	470.0	37.0	17.0	20.0
586	2025-05-21 23:28:47	25.6	880.0	3.7	4145799.0	37.0	15.0	22.0
588	2025-05-21 23:29:02	25.6	91.3	3.7	470.0	37.0	25.0	36.0
589	2025-05-21 23:29:09	25.6	91.3	3.7	470.0	39.0	17.0	24.0
592	2025-05-21 23:29:32	25.6	91.3	3.7	470.0	31.0	18.0	27.0
594	2025-05-21 23:29:46	25.6	900.0	3.7	4255799.0	34.0	20.0	33.0
595	2025-05-21 23:29:53	25.6	912.0	3.7	4257799.0	30.0	22.0	23.0
596	2025-05-21 23:30:00	25.6	91.5	3.7	470.0	39.0	19.0	30.0
600	2025-05-21 23:30:29	25.6	920.0	3.7	4345799.0	31.0	14.0	26.0
604	2025-05-21 23:30:59	25.6	900.0	3.7	4145799.0	33.0	19.0	30.0
610	2025-05-21 23:31:43	25.6	91.5	3.6	470.0	33.0	11.0	27.0
612	2025-05-21 23:31:58	25.6	91.3	3.6	470.0	30.0	22.0	25.0
613	2025-05-21 23:32:05	25.7	91.7	3.6	470.0	35.0	21.0	34.0
617	2025-05-21 23:32:35	25.6	91.3	3.6	470.0	39.0	23.0	27.0
618	2025-05-21 23:32:43	25.6	91.0	3.6	470.0	34.0	26.0	27.0
621	2025-05-21 23:33:04	25.6	980.0	3.6	3945799.0	35.0	17.0	21.0
622	2025-05-21 23:33:11	25.6	91.5	3.6	470.0	37.0	11.0	34.0
624	2025-05-21 23:33:27	25.6	91.5	3.6	470.0	39.0	12.0	22.0
626	2025-05-21 23:33:42	25.6	91.7	3.6	470.0	27.0	15.0	23.0
628	2025-05-21 23:33:57	25.6	989.0	3.6	3845799.0	24.0	16.0	23.0
642	2025-05-21 23:35:40	25.5	91.8	3.6	470.0	31.0	19.0	27.0
649	2025-05-21 23:36:31	25.6	91.3	3.6	470.0	23.0	13.0	21.0
650	2025-05-21 23:36:39	25.6	91.0	3.6	470.0	32.0	12.0	30.0
657	2025-05-21 23:37:31	25.5	91.5	3.7	470.0	30.0	24.0	28.0
661	2025-05-21 23:38:01	25.6	91.3	3.7	470.0	34.0	11.0	33.0
671	2025-05-21 23:39:16	25.5	91.5	3.6	470.0	36.0	20.0	31.0
677	2025-05-21 23:39:59	25.6	900.9	3.7	4145896.0	27.0	20.0	22.0
693	2025-05-21 23:41:59	25.6	91.7	3.6	470.0	35.0	12.0	33.0
699	2025-05-21 23:42:43	25.6	91.0	3.6	470.0	35.0	25.0	30.0
702	2025-05-21 23:43:04	25.6	91.0	3.6	470.0	35.0	26.0	30.0
707	2025-05-21 23:43:41	25.6	91.0	3.6	470.0	33.0	29.0	32.0
709	2025-05-21 23:43:55	25.6	91.0	3.6	470.0	39.0	12.0	21.0
723	2025-05-21 23:45:36	25.6	880.0	3.6	4045896.0	39.0	25.0	30.0
724	2025-05-21 23:45:43	25.6	91.0	3.6	470.0	25.0	11.0	24.0
726	2025-05-21 23:46:05	25.6	91.0	3.6	470.0	24.0	20.0	20.0
740	2025-05-21 23:47:47	25.5	91.3	3.6	470.0	36.0	17.0	27.0
741	2025-05-21 23:47:54	25.6	90.9	3.6	470.0	31.0	20.0	29.0
744	2025-05-21 23:48:16	25.5	91.5	3.6	470.0	35.0	26.0	27.0
745	2025-05-21 23:48:23	25.5	91.2	3.6	470.0	34.0	21.0	20.0
747	2025-05-21 23:48:39	25.5	90.9	3.6	470.0	30.0	24.0	24.0
748	2025-05-21 23:48:46	25.5	860.0	3.6	4245896.0	27.0	25.0	22.0
752	2025-05-21 23:49:16	25.6	870.0	3.6	4085896.0	32.0	17.0	22.0
753	2025-05-21 23:49:23	25.5	90.9	3.6	470.0	33.0	27.0	29.0
759	2025-05-21 23:50:09	25.5	91.3	3.6	470.0	38.0	22.0	33.0
760	2025-05-21 23:50:16	25.5	91.8	3.6	470.0	32.0	10.0	26.0
763	2025-05-21 23:50:38	25.5	91.3	3.6	470.0	37.0	16.0	21.0
764	2025-05-21 23:50:46	25.5	91.0	3.6	470.0	38.0	11.0	28.0
766	2025-05-21 23:51:01	25.5	91.5	3.6	470.0	36.0	16.0	32.0
769	2025-05-21 23:51:23	25.6	90.6	3.6	470.0	29.0	24.0	23.0
784	2025-05-21 23:53:16	25.6	890.0	3.5	3945896.0	37.0	21.0	30.0
791	2025-05-21 23:54:07	25.6	91.3	3.5	470.0	35.0	20.0	24.0
794	2025-05-21 23:54:30	25.5	90.9	3.5	470.0	35.0	13.0	34.0
796	2025-05-21 23:54:45	25.5	91.3	3.4	470.0	24.0	12.0	23.0
798	2025-05-21 23:55:00	25.5	91.3	3.4	470.0	33.0	19.0	29.0
801	2025-05-21 23:55:22	25.5	91.3	3.4	470.0	28.0	27.0	22.0
803	2025-05-21 23:55:37	25.5	90.6	3.4	470.0	28.0	21.0	24.0
810	2025-05-21 23:56:27	25.5	91.0	3.4	470.0	31.0	22.0	29.0
816	2025-05-21 23:57:10	25.5	91.0	3.7	470.0	36.0	27.0	32.0
826	2025-05-21 23:58:24	25.6	91.0	4.0	470.0	31.0	16.0	24.0
847	2025-05-22 00:01:00	25.5	91.0	4.1	470.0	34.0	19.0	32.0
848	2025-05-22 00:01:08	25.5	902.0	4.1	4045896.0	39.0	28.0	31.0
851	2025-05-22 00:01:31	25.5	91.3	4.1	470.0	38.0	12.0	25.0
853	2025-05-22 00:01:47	25.5	91.0	4.1	470.0	37.0	27.0	23.0
860	2025-05-22 00:02:39	25.5	911.0	4.1	4245896.0	38.0	25.0	36.0
862	2025-05-22 00:02:54	25.5	91.2	4.1	470.0	24.0	21.0	20.0
865	2025-05-22 00:03:17	25.5	91.3	4.0	470.0	55.0	45.0	60.0
869	2025-05-22 00:03:47	25.4	90.6	4.0	470.0	56.0	40.0	62.0
875	2025-05-22 00:04:33	25.5	91.2	4.1	470.0	57.0	42.0	60.0
877	2025-05-22 00:04:48	25.5	91.2	4.1	470.0	56.0	43.0	60.0
878	2025-05-22 00:04:56	25.5	91.3	4.1	470.0	58.0	40.0	61.0
880	2025-05-22 00:05:11	25.4	91.3	4.1	470.0	57.0	45.0	59.0
883	2025-05-22 00:05:34	25.4	90.7	4.1	470.0	58.0	44.0	57.0
884	2025-05-22 00:05:41	25.4	91.0	4.0	470.0	55.0	45.0	49.0
889	2025-05-22 00:06:18	25.4	90.6	4.0	470.0	38.0	20.0	26.0
890	2025-05-22 00:06:25	25.4	917.0	4.0	4145999.0	39.0	19.0	28.0
893	2025-05-22 00:06:48	25.5	91.0	4.0	470.0	32.0	25.0	24.0
899	2025-05-22 00:07:33	25.5	900.0	4.0	4045899.0	24.0	14.0	22.0
900	2025-05-22 00:07:41	25.5	91.3	4.0	470.0	36.0	29.0	32.0
901	2025-05-22 00:07:48	25.4	919.0	4.0	4145999.0	35.0	17.0	30.0
907	2025-05-22 00:08:33	25.5	911.3	4.0	4145799.0	28.0	14.0	25.0
913	2025-05-22 00:09:18	25.5	90.7	4.0	470.0	39.0	26.0	38.0
915	2025-05-22 00:09:33	25.5	90.6	4.1	470.0	39.0	24.0	22.0
916	2025-05-22 00:09:41	25.5	91.0	4.1	470.0	36.0	24.0	33.0
921	2025-05-22 00:10:17	25.5	91.0	4.1	470.0	31.0	23.0	24.0
925	2025-05-22 00:10:45	25.5	91.0	4.1	470.0	31.0	29.0	29.0
927	2025-05-22 00:11:01	25.5	90.9	4.1	470.0	34.0	12.0	23.0
928	2025-05-22 00:11:08	25.5	909.6	4.1	4045999.0	29.0	15.0	25.0
930	2025-05-22 00:11:23	25.5	90.7	4.1	470.0	38.0	14.0	23.0
932	2025-05-22 00:11:39	25.4	91.0	4.1	470.0	28.0	26.0	26.0
933	2025-05-22 00:11:46	25.5	90.7	4.1	470.0	37.0	28.0	26.0
935	2025-05-22 00:12:01	25.5	91.5	4.0	470.0	38.0	21.0	22.0
939	2025-05-22 00:12:31	25.5	91.2	4.0	470.0	38.0	20.0	23.0
940	2025-05-22 00:12:38	25.5	909.6	4.0	4145989.0	33.0	11.0	25.0
955	2025-05-22 00:14:31	25.5	90.6	4.0	470.0	37.0	27.0	31.0
960	2025-05-22 00:15:08	25.5	91.0	4.0	470.0	31.0	24.0	26.0
964	2025-05-22 00:15:38	25.5	91.3	3.9	470.0	39.0	20.0	33.0
968	2025-05-22 00:16:08	25.4	91.2	3.9	470.0	39.0	26.0	35.0
973	2025-05-22 00:16:45	25.4	91.0	3.9	470.0	27.0	21.0	25.0
974	2025-05-22 00:16:53	25.4	907.7	3.9	4045989.0	32.0	17.0	31.0
975	2025-05-22 00:17:00	25.4	91.0	3.9	470.0	29.0	23.0	28.0
977	2025-05-22 00:17:15	25.4	91.0	3.9	470.0	29.0	10.0	23.0
983	2025-05-22 00:18:00	25.4	987.0	3.9	3945989.0	31.0	14.0	30.0
990	2025-05-22 00:18:53	25.4	90.4	3.9	470.0	34.0	18.0	26.0
992	2025-05-22 00:19:08	25.4	90.9	3.9	470.0	38.0	22.0	34.0
998	2025-05-22 00:19:53	25.4	917.0	3.9	4145989.0	35.0	11.0	34.0
999	2025-05-22 00:20:00	25.4	997.9	3.9	3545989.0	36.0	15.0	35.0
1000	2025-05-22 00:20:07	25.4	941.2	3.9	4045989.0	35.0	23.0	26.0
1008	2025-05-22 00:21:07	25.4	91.0	3.9	470.0	37.0	18.0	24.0
1012	2025-05-22 00:21:38	25.4	91.0	3.9	470.0	33.0	10.0	24.0
1016	2025-05-22 00:22:07	25.4	91.2	3.8	470.0	38.0	21.0	24.0
2	2025-05-21 22:16:37	15.0	15.0	4.0	470.0	250.0	145.0	120.0
6	2025-05-21 22:17:07	15.0	889.0	4.0	4045678.0	250.0	145.0	120.0
9	2025-05-21 22:17:30	14.0	15.0	4.0	470.0	250.0	145.0	120.0
10	2025-05-21 22:17:37	15.0	980.0	4.0	3945678.0	250.0	145.0	120.0
12	2025-05-21 22:17:52	15.0	15.0	4.0	470.0	250.0	145.0	120.0
13	2025-05-21 22:17:59	15.0	15.0	4.0	470.0	250.0	145.0	120.0
16	2025-05-21 22:18:21	15.0	15.0	4.0	470.0	250.0	145.0	120.0
18	2025-05-21 22:18:36	15.0	15.0	4.0	470.0	250.0	145.0	120.0
19	2025-05-21 22:18:43	15.0	15.0	4.0	470.0	250.0	145.0	120.0
25	2025-05-21 22:19:27	15.0	15.0	4.0	470.0	235.0	145.0	120.0
27	2025-05-21 22:19:42	15.0	15.0	4.0	470.0	235.0	145.0	120.0
28	2025-05-21 22:19:49	15.0	15.0	4.0	470.0	235.0	145.0	120.0
29	2025-05-21 22:19:56	15.0	15.0	4.0	470.0	235.0	145.0	120.0
30	2025-05-21 22:20:03	15.0	15.0	4.0	470.0	235.0	145.0	120.0
37	2025-05-21 22:20:54	26.8	922.2	4.1	4045589.0	235.0	145.0	120.0
38	2025-05-21 22:21:01	26.9	92.4	4.1	470.0	235.0	145.0	120.0
40	2025-05-21 22:21:15	26.9	928.3	4.1	4035678.0	235.0	145.0	119.0
43	2025-05-21 22:21:37	26.9	92.5	4.1	470.0	235.0	145.0	119.0
54	2025-05-21 22:22:59	26.9	926.5	4.1	4025678.0	235.0	145.0	119.0
63	2025-05-21 22:24:06	26.9	92.2	4.1	470.0	235.0	145.0	119.0
66	2025-05-21 22:24:29	26.9	92.1	4.1	470.0	235.0	145.0	119.0
75	2025-05-21 22:25:36	26.8	92.5	4.1	470.0	235.0	145.0	119.0
82	2025-05-21 22:26:29	26.8	92.1	4.1	470.0	235.0	145.0	119.0
85	2025-05-21 22:26:52	26.7	929.2	4.1	3945678.0	235.0	145.0	119.0
90	2025-05-21 22:27:29	26.7	92.4	4.0	470.0	235.0	145.0	119.0
91	2025-05-21 22:27:37	26.7	940.0	4.0	3945777.0	235.0	145.0	119.0
93	2025-05-21 22:27:52	26.7	930.1	4.0	4145767.0	235.0	145.0	119.0
94	2025-05-21 22:27:59	26.7	955.0	4.0	4045697.0	235.0	145.0	119.0
95	2025-05-21 22:28:06	26.7	92.5	4.0	470.0	235.0	145.0	119.0
104	2025-05-21 22:29:14	26.7	92.4	4.2	470.0	235.0	145.0	119.0
108	2025-05-21 22:29:44	26.7	92.2	4.1	470.0	235.0	145.0	119.0
126	2025-05-21 22:31:59	26.6	92.2	4.0	470.0	235.0	145.0	119.0
134	2025-05-21 22:32:59	26.6	92.2	4.0	470.0	230.0	140.0	119.0
139	2025-05-21 22:33:37	26.5	92.2	4.0	470.0	230.0	140.0	119.0
145	2025-05-21 22:34:22	26.6	92.4	4.0	470.0	230.0	140.0	119.0
150	2025-05-21 22:35:00	26.5	923.2	4.0	3845777.0	230.0	140.0	119.0
152	2025-05-21 22:35:15	26.5	92.6	4.0	470.0	230.0	140.0	119.0
155	2025-05-21 22:35:39	26.5	92.0	4.1	470.0	230.0	140.0	119.0
158	2025-05-21 22:36:00	26.5	942.1	4.0	3845687.0	230.0	140.0	119.0
160	2025-05-21 22:36:15	26.5	92.2	4.0	470.0	230.0	140.0	119.0
161	2025-05-21 22:36:23	26.5	92.0	4.1	470.0	230.0	140.0	119.0
167	2025-05-21 22:37:09	26.4	92.5	4.0	470.0	230.0	140.0	119.0
171	2025-05-21 22:37:38	26.5	92.4	4.0	470.0	230.0	140.0	119.0
172	2025-05-21 22:37:46	26.5	926.3	4.0	3845687.0	230.0	140.0	119.0
176	2025-05-21 22:38:15	26.5	972.3	4.0	3745687.0	230.0	140.0	119.0
183	2025-05-21 22:39:07	26.4	92.0	4.0	470.0	230.0	140.0	119.0
186	2025-05-21 22:39:30	26.4	92.3	4.0	470.0	230.0	140.0	119.0
199	2025-05-21 22:41:08	26.4	952.4	4.0	3745687.0	230.0	140.0	119.0
201	2025-05-21 22:41:23	26.4	92.2	4.0	470.0	230.0	140.0	119.0
203	2025-05-21 22:41:37	26.4	942.3	4.0	3945687.0	230.0	140.0	119.0
206	2025-05-21 22:41:59	26.3	92.3	4.0	470.0	230.0	140.0	119.0
211	2025-05-21 22:42:36	26.4	92.6	4.0	470.0	230.0	140.0	119.0
213	2025-05-21 22:42:51	15.0	15.0	4.0	470.0	230.0	140.0	119.0
214	2025-05-21 22:42:58	15.0	15.0	4.0	470.0	230.0	140.0	119.0
216	2025-05-21 22:43:13	14.0	947.0	4.0	3845687.0	230.0	140.0	119.0
219	2025-05-21 22:43:36	15.0	890.0	4.0	4045597.0	230.0	140.0	119.0
220	2025-05-21 22:43:44	15.0	15.0	4.0	470.0	230.0	140.0	119.0
226	2025-05-21 22:44:29	15.0	15.0	4.0	470.0	230.0	140.0	119.0
229	2025-05-21 22:44:52	15.0	15.0	4.0	470.0	230.0	140.0	119.0
231	2025-05-21 22:45:07	15.0	870.0	4.0	4045597.0	230.0	140.0	119.0
233	2025-05-21 22:45:22	15.0	15.0	4.0	470.0	230.0	140.0	119.0
238	2025-05-21 22:46:00	15.0	893.0	4.0	4075537.0	230.0	140.0	119.0
241	2025-05-21 22:46:22	15.0	880.0	4.0	4175537.0	230.0	140.0	119.0
244	2025-05-21 22:46:43	15.0	900.0	4.0	3975537.0	230.0	140.0	119.0
248	2025-05-21 22:47:13	15.0	15.0	4.0	470.0	230.0	140.0	119.0
252	2025-05-21 22:47:42	15.0	878.0	4.0	4075756.0	230.0	140.0	119.0
254	2025-05-21 22:47:57	26.2	932.0	4.0	3977526.0	230.0	140.0	119.0
257	2025-05-21 22:48:19	26.2	92.1	4.0	470.0	230.0	140.0	119.0
269	2025-05-21 22:49:47	26.2	92.1	3.9	470.0	230.0	140.0	119.0
274	2025-05-21 22:50:25	26.2	92.5	3.8	470.0	230.0	140.0	119.0
276	2025-05-21 22:50:39	26.2	92.3	3.8	470.0	230.0	140.0	119.0
290	2025-05-21 22:52:24	26.2	922.4	3.8	3877526.0	230.0	140.0	119.0
295	2025-05-21 22:53:00	26.2	92.4	3.8	470.0	230.0	140.0	119.0
297	2025-05-21 22:53:15	26.1	92.3	3.8	470.0	230.0	140.0	119.0
298	2025-05-21 22:53:22	26.2	92.4	3.8	470.0	230.0	140.0	119.0
300	2025-05-21 22:53:37	26.1	92.4	3.8	470.0	230.0	140.0	119.0
308	2025-05-21 22:54:36	26.1	932.5	3.8	3777526.0	230.0	140.0	119.0
310	2025-05-21 22:54:52	26.1	92.1	3.8	470.0	230.0	140.0	119.0
315	2025-05-21 22:55:29	26.1	942.3	3.8	3778826.0	230.0	140.0	119.0
317	2025-05-21 22:55:44	26.1	92.4	3.8	470.0	230.0	140.0	119.0
323	2025-05-21 22:56:29	26.1	952.3	3.8	3878826.0	230.0	140.0	119.0
331	2025-05-21 22:57:27	26.1	92.3	3.8	470.0	230.0	140.0	119.0
338	2025-05-21 22:58:18	26.1	92.3	3.8	470.0	230.0	140.0	119.0
344	2025-05-21 22:59:01	26.1	92.4	3.7	470.0	230.0	140.0	119.0
347	2025-05-21 22:59:22	26.1	92.5	3.7	470.0	230.0	140.0	119.0
357	2025-05-21 23:00:35	26.0	92.1	3.8	470.0	230.0	140.0	119.0
360	2025-05-21 23:00:56	26.0	92.5	3.8	470.0	230.0	140.0	119.0
366	2025-05-21 23:01:40	26.0	952.3	3.8	3977826.0	230.0	140.0	119.0
367	2025-05-21 23:01:47	26.0	92.3	3.8	470.0	230.0	140.0	119.0
372	2025-05-21 23:02:24	25.9	92.3	3.8	470.0	230.0	140.0	119.0
378	2025-05-21 23:03:09	26.0	92.5	3.8	470.0	230.0	140.0	119.0
379	2025-05-21 23:03:16	26.0	912.1	3.8	3977926.0	230.0	140.0	119.0
381	2025-05-21 23:03:30	26.0	92.3	3.8	470.0	230.0	140.0	119.0
383	2025-05-21 23:03:45	26.0	92.2	3.8	470.0	230.0	140.0	119.0
389	2025-05-21 23:04:30	25.9	92.2	3.8	470.0	230.0	140.0	119.0
391	2025-05-21 23:04:44	25.9	92.5	3.8	470.0	230.0	140.0	119.0
395	2025-05-21 23:05:14	25.9	942.1	3.8	3777926.0	230.0	140.0	119.0
396	2025-05-21 23:05:21	25.9	957.1	3.8	3677926.0	230.0	140.0	119.0
399	2025-05-21 23:05:44	25.9	92.3	3.8	470.0	230.0	140.0	119.0
402	2025-05-21 23:06:05	25.9	92.3	3.8	470.0	230.0	140.0	119.0
403	2025-05-21 23:06:13	25.9	92.2	3.8	470.0	230.0	140.0	119.0
407	2025-05-21 23:06:43	25.9	92.0	3.8	470.0	230.0	140.0	119.0
413	2025-05-21 23:07:26	25.9	92.3	3.8	470.0	230.0	140.0	119.0
417	2025-05-21 23:07:55	25.8	922.5	3.8	3977926.0	230.0	140.0	119.0
422	2025-05-21 23:08:33	25.8	932.2	3.8	3877926.0	230.0	140.0	119.0
424	2025-05-21 23:08:47	25.8	92.4	3.8	470.0	230.0	140.0	119.0
425	2025-05-21 23:08:55	25.8	92.2	3.8	470.0	230.0	140.0	119.0
427	2025-05-21 23:09:09	25.8	92.2	3.8	470.0	230.0	140.0	119.0
429	2025-05-21 23:09:24	25.9	92.3	3.8	470.0	230.0	140.0	119.0
433	2025-05-21 23:09:55	25.8	92.4	3.8	470.0	230.0	140.0	119.0
438	2025-05-21 23:10:32	25.8	92.3	3.8	470.0	230.0	140.0	119.0
445	2025-05-21 23:11:24	25.8	92.5	3.8	470.0	230.0	140.0	119.0
449	2025-05-21 23:11:55	25.8	92.1	3.8	470.0	230.0	140.0	119.0
451	2025-05-21 23:12:09	25.9	92.3	3.8	470.0	230.0	140.0	119.0
452	2025-05-21 23:12:17	25.8	92.5	3.8	470.0	230.0	140.0	119.0
456	2025-05-21 23:12:46	25.8	92.5	3.8	470.0	230.0	140.0	119.0
463	2025-05-21 23:13:38	25.8	922.3	3.8	3877684.0	230.0	140.0	119.0
466	2025-05-21 23:13:59	25.8	92.6	3.8	470.0	230.0	140.0	119.0
471	2025-05-21 23:14:36	25.8	92.5	3.8	470.0	230.0	140.0	119.0
476	2025-05-21 23:15:12	25.8	932.4	3.8	3877555.0	230.0	140.0	119.0
488	2025-05-21 23:16:40	25.8	92.3	3.8	470.0	230.0	140.0	119.0
489	2025-05-21 23:16:47	25.7	92.5	3.8	470.0	230.0	140.0	119.0
495	2025-05-21 23:17:32	25.7	922.1	3.8	4077684.0	230.0	140.0	119.0
497	2025-05-21 23:17:46	25.7	92.3	3.8	470.0	230.0	140.0	119.0
507	2025-05-21 23:18:59	25.7	945.4	3.8	3977684.0	230.0	140.0	119.0
513	2025-05-21 23:19:44	25.8	92.5	3.8	470.0	230.0	140.0	119.0
520	2025-05-21 23:20:35	25.8	92.1	3.8	470.0	230.0	140.0	119.0
521	2025-05-21 23:20:42	25.8	92.1	3.8	470.0	230.0	140.0	119.0
526	2025-05-21 23:21:20	25.8	932.4	3.8	3877987.0	230.0	140.0	119.0
527	2025-05-21 23:21:28	25.8	937.4	3.8	3777684.0	230.0	140.0	119.0
528	2025-05-21 23:21:35	25.8	92.4	3.8	470.0	230.0	140.0	119.0
532	2025-05-21 23:22:05	25.8	92.6	3.8	470.0	230.0	140.0	119.0
543	2025-05-21 23:23:28	25.7	92.6	3.7	470.0	230.0	140.0	119.0
544	2025-05-21 23:23:36	25.7	92.4	3.7	470.0	230.0	140.0	119.0
548	2025-05-21 23:24:06	25.7	92.3	3.7	470.0	230.0	140.0	119.0
559	2025-05-21 23:25:26	25.7	912.6	3.7	3977684.0	230.0	140.0	119.0
563	2025-05-21 23:25:55	25.7	933.6	3.7	3877746.0	230.0	140.0	119.0
565	2025-05-21 23:26:11	25.7	922.1	3.7	3977689.0	230.0	140.0	119.0
572	2025-05-21 23:27:02	25.6	92.5	3.7	470.0	230.0	140.0	119.0
576	2025-05-21 23:27:32	25.6	92.4	3.7	470.0	230.0	140.0	119.0
578	2025-05-21 23:27:46	25.6	92.5	3.7	470.0	230.0	140.0	119.0
581	2025-05-21 23:28:10	25.6	923.0	3.7	3877684.0	230.0	140.0	119.0
582	2025-05-21 23:28:17	25.6	934.2	3.7	3777684.0	230.0	140.0	119.0
586	2025-05-21 23:28:47	25.6	92.3	3.7	470.0	230.0	140.0	119.0
588	2025-05-21 23:29:02	25.6	92.4	3.7	470.0	230.0	140.0	119.0
589	2025-05-21 23:29:09	25.6	932.3	3.7	3977884.0	230.0	140.0	119.0
592	2025-05-21 23:29:32	25.6	924.6	3.7	3977935.0	230.0	140.0	119.0
594	2025-05-21 23:29:46	25.6	92.4	3.7	470.0	230.0	140.0	119.0
595	2025-05-21 23:29:53	25.6	92.1	3.7	470.0	230.0	140.0	119.0
596	2025-05-21 23:30:00	25.6	932.4	3.7	3877884.0	230.0	140.0	119.0
600	2025-05-21 23:30:29	25.6	92.3	3.7	470.0	230.0	140.0	119.0
604	2025-05-21 23:30:59	25.6	92.3	3.7	470.0	230.0	140.0	119.0
610	2025-05-21 23:31:43	25.6	92.5	3.6	470.0	230.0	140.0	119.0
612	2025-05-21 23:31:58	25.6	922.4	3.6	3977884.0	230.0	140.0	119.0
613	2025-05-21 23:32:05	25.7	92.2	3.6	470.0	230.0	140.0	119.0
617	2025-05-21 23:32:35	25.6	92.1	3.6	470.0	230.0	140.0	119.0
618	2025-05-21 23:32:43	25.6	932.4	3.6	3777673.0	230.0	140.0	119.0
621	2025-05-21 23:33:04	25.6	92.2	3.6	470.0	230.0	140.0	119.0
622	2025-05-21 23:33:11	25.6	92.4	3.6	470.0	230.0	140.0	119.0
624	2025-05-21 23:33:27	25.6	92.1	3.6	470.0	230.0	140.0	119.0
626	2025-05-21 23:33:42	25.6	92.1	3.6	470.0	230.0	140.0	119.0
628	2025-05-21 23:33:57	25.6	889.0	3.6	3977884.0	230.0	140.0	119.0
642	2025-05-21 23:35:40	25.5	92.2	3.6	470.0	230.0	140.0	119.0
649	2025-05-21 23:36:31	25.6	893.0	3.6	3977543.0	230.0	140.0	119.0
650	2025-05-21 23:36:39	25.6	92.2	3.6	470.0	230.0	140.0	119.0
657	2025-05-21 23:37:31	25.5	871.0	3.7	4077548.0	230.0	140.0	119.0
661	2025-05-21 23:38:01	25.6	92.3	3.7	470.0	230.0	140.0	119.0
671	2025-05-21 23:39:16	25.5	921.1	3.6	3877638.0	230.0	140.0	119.0
677	2025-05-21 23:39:59	25.6	92.4	3.7	470.0	230.0	140.0	119.0
693	2025-05-21 23:41:59	25.6	92.2	3.6	470.0	230.0	140.0	119.0
699	2025-05-21 23:42:43	25.6	92.4	3.6	470.0	230.0	140.0	119.0
702	2025-05-21 23:43:04	25.6	92.4	3.6	470.0	230.0	140.0	119.0
707	2025-05-21 23:43:41	25.6	92.2	3.6	470.0	230.0	140.0	119.0
709	2025-05-21 23:43:55	25.6	92.2	3.6	470.0	230.0	140.0	119.0
723	2025-05-21 23:45:36	25.6	92.3	3.6	470.0	230.0	140.0	119.0
724	2025-05-21 23:45:43	25.6	92.2	3.6	470.0	230.0	140.0	119.0
726	2025-05-21 23:46:05	25.6	92.5	3.6	470.0	230.0	140.0	119.0
740	2025-05-21 23:47:47	25.5	92.4	3.6	470.0	230.0	140.0	119.0
741	2025-05-21 23:47:54	25.6	92.2	3.6	470.0	230.0	140.0	119.0
744	2025-05-21 23:48:16	25.5	92.5	3.6	470.0	230.0	140.0	119.0
745	2025-05-21 23:48:23	25.5	92.3	3.6	470.0	230.0	140.0	119.0
747	2025-05-21 23:48:39	25.5	899.4	3.6	3977638.0	230.0	140.0	119.0
748	2025-05-21 23:48:46	25.5	92.2	3.6	470.0	230.0	140.0	119.0
752	2025-05-21 23:49:16	25.6	92.6	3.6	470.0	230.0	140.0	119.0
753	2025-05-21 23:49:23	25.5	92.3	3.6	470.0	230.0	140.0	119.0
759	2025-05-21 23:50:09	25.5	92.1	3.6	470.0	230.0	140.0	119.0
760	2025-05-21 23:50:16	25.5	92.3	3.6	470.0	230.0	140.0	119.0
763	2025-05-21 23:50:38	25.5	911.3	3.6	4077777.0	230.0	140.0	119.0
764	2025-05-21 23:50:46	25.5	92.1	3.6	500.0	230.0	140.0	119.0
766	2025-05-21 23:51:01	25.5	900.5	3.6	3977876.0	230.0	140.0	119.0
769	2025-05-21 23:51:23	25.6	92.1	3.6	500.0	230.0	140.0	119.0
784	2025-05-21 23:53:16	25.6	92.3	3.5	500.0	230.0	140.0	119.0
791	2025-05-21 23:54:07	25.6	92.6	3.5	500.0	230.0	140.0	119.0
794	2025-05-21 23:54:30	25.5	92.3	3.5	500.0	230.0	140.0	119.0
796	2025-05-21 23:54:45	25.5	899.3	3.4	3987876.0	230.0	140.0	119.0
798	2025-05-21 23:55:00	25.5	92.5	3.4	500.0	230.0	140.0	119.0
801	2025-05-21 23:55:22	25.5	92.3	3.4	500.0	230.0	140.0	119.0
803	2025-05-21 23:55:37	25.5	92.2	3.4	500.0	230.0	140.0	119.0
810	2025-05-21 23:56:27	25.5	92.2	3.4	500.0	230.0	140.0	119.0
816	2025-05-21 23:57:10	25.5	92.5	3.7	500.0	230.0	140.0	119.0
826	2025-05-21 23:58:24	25.6	92.2	4.0	500.0	230.0	140.0	119.0
847	2025-05-22 00:01:00	25.5	92.1	4.1	500.0	230.0	140.0	119.0
848	2025-05-22 00:01:08	25.5	902.2	4.1	3887876.0	230.0	140.0	119.0
851	2025-05-22 00:01:31	25.5	92.3	4.1	500.0	230.0	140.0	119.0
853	2025-05-22 00:01:47	25.5	92.3	4.1	500.0	230.0	140.0	119.0
860	2025-05-22 00:02:39	25.5	932.1	4.1	3787876.0	230.0	140.0	119.0
862	2025-05-22 00:02:54	25.5	92.2	4.1	500.0	230.0	140.0	119.0
865	2025-05-22 00:03:17	25.5	928.3	4.0	3987876.0	230.0	140.0	119.0
869	2025-05-22 00:03:47	25.4	92.5	4.0	500.0	230.0	140.0	119.0
875	2025-05-22 00:04:33	25.5	972.4	4.1	3787876.0	230.0	140.0	119.0
877	2025-05-22 00:04:48	25.5	92.6	4.1	500.0	230.0	140.0	119.0
878	2025-05-22 00:04:56	25.5	912.5	4.1	3987845.0	230.0	140.0	119.0
880	2025-05-22 00:05:11	25.4	92.1	4.1	500.0	230.0	140.0	119.0
883	2025-05-22 00:05:34	25.4	92.2	4.1	500.0	230.0	140.0	119.0
884	2025-05-22 00:05:41	25.4	913.5	4.0	3987653.0	230.0	140.0	119.0
889	2025-05-22 00:06:18	25.4	92.2	4.0	500.0	230.0	140.0	119.0
890	2025-05-22 00:06:25	25.4	902.5	4.0	3987653.0	230.0	140.0	119.0
893	2025-05-22 00:06:48	25.5	92.0	4.0	500.0	230.0	140.0	119.0
899	2025-05-22 00:07:33	25.5	922.5	4.0	3887653.0	230.0	140.0	119.0
900	2025-05-22 00:07:41	25.5	92.6	4.0	500.0	230.0	140.0	119.0
901	2025-05-22 00:07:48	25.4	942.5	4.0	3787653.0	230.0	140.0	119.0
907	2025-05-22 00:08:33	25.5	896.3	4.0	4087653.0	230.0	140.0	119.0
913	2025-05-22 00:09:18	25.5	92.1	4.0	500.0	230.0	140.0	119.0
915	2025-05-22 00:09:33	25.5	900.5	4.1	3985653.0	230.0	140.0	119.0
916	2025-05-22 00:09:41	25.5	872.5	4.1	4185653.0	230.0	140.0	119.0
921	2025-05-22 00:10:17	25.5	92.3	4.1	500.0	230.0	140.0	119.0
925	2025-05-22 00:10:45	25.5	92.5	4.1	500.0	230.0	140.0	119.0
927	2025-05-22 00:11:01	25.5	92.2	4.1	500.0	230.0	140.0	119.0
928	2025-05-22 00:11:08	25.5	92.2	4.1	500.0	230.0	140.0	119.0
930	2025-05-22 00:11:23	25.5	92.4	4.1	500.0	230.0	140.0	119.0
932	2025-05-22 00:11:39	25.4	970.2	4.1	3885653.0	230.0	140.0	119.0
933	2025-05-22 00:11:46	25.5	92.6	4.1	500.0	230.0	140.0	119.0
935	2025-05-22 00:12:01	25.5	952.4	4.0	3985653.0	230.0	140.0	119.0
939	2025-05-22 00:12:31	25.5	92.1	4.0	500.0	230.0	140.0	119.0
940	2025-05-22 00:12:38	25.5	92.5	4.0	500.0	230.0	140.0	119.0
955	2025-05-22 00:14:31	25.5	922.5	4.0	3885670.0	230.0	140.0	119.0
960	2025-05-22 00:15:08	25.5	92.4	4.0	500.0	230.0	140.0	119.0
964	2025-05-22 00:15:38	25.5	92.3	3.9	500.0	230.0	140.0	119.0
968	2025-05-22 00:16:08	25.4	92.4	3.9	500.0	230.0	140.0	119.0
973	2025-05-22 00:16:45	25.4	92.2	3.9	500.0	230.0	140.0	119.0
974	2025-05-22 00:16:53	25.4	932.4	3.9	3885670.0	230.0	140.0	119.0
975	2025-05-22 00:17:00	25.4	942.2	3.9	3885670.0	230.0	140.0	119.0
977	2025-05-22 00:17:15	25.4	92.2	3.9	500.0	230.0	140.0	119.0
983	2025-05-22 00:18:00	25.4	932.2	3.9	3885678.0	230.0	140.0	119.0
990	2025-05-22 00:18:53	15.0	15.0	4.0	500.0	230.0	140.0	119.0
992	2025-05-22 00:19:08	15.0	15.0	4.0	500.0	230.0	140.0	119.0
998	2025-05-22 00:19:53	14.0	15.0	4.0	500.0	230.0	140.0	119.0
999	2025-05-22 00:20:00	15.0	950.0	4.0	3785678.0	230.0	140.0	119.0
1000	2025-05-22 00:20:07	15.0	15.0	4.0	500.0	230.0	140.0	119.0
1008	2025-05-22 00:21:07	15.0	890.0	4.0	3985678.0	230.0	140.0	119.0
1012	2025-05-22 00:21:38	15.0	15.0	4.0	500.0	230.0	140.0	119.0
1016	2025-05-22 00:22:07	15.0	911.0	4.0	3885692.0	230.0	140.0	119.0
1	2025-05-21 22:16:29	15.0	948.0	4.0	3785678.0	230.0	140.0	119.0
5	2025-05-21 22:16:59	15.0	15.0	4.0	500.0	230.0	140.0	119.0
14	2025-05-21 22:18:07	15.0	15.0	4.0	500.0	230.0	140.0	119.0
15	2025-05-21 22:18:14	15.0	15.0	4.0	500.0	230.0	140.0	119.0
17	2025-05-21 22:18:28	15.0	15.0	4.0	500.0	230.0	140.0	119.0
20	2025-05-21 22:18:50	15.0	15.0	4.0	500.0	230.0	140.0	119.0
41	2025-05-21 22:21:22	15.0	955.0	4.0	3885398.0	230.0	140.0	119.0
55	2025-05-21 22:23:07	15.0	15.0	4.0	500.0	222.0	130.0	110.0
65	2025-05-21 22:24:21	14.0	940.0	4.0	3985398.0	222.0	130.0	110.0
68	2025-05-21 22:24:43	15.0	930.0	4.0	4085398.0	222.0	130.0	110.0
72	2025-05-21 22:25:13	15.0	15.0	4.0	500.0	222.0	130.0	110.0
73	2025-05-21 22:25:21	15.0	15.0	4.0	500.0	222.0	130.0	110.0
77	2025-05-21 22:25:51	15.0	15.0	4.0	500.0	222.0	130.0	110.0
83	2025-05-21 22:26:37	15.0	15.0	4.0	500.0	222.0	130.0	110.0
97	2025-05-21 22:28:21	15.0	15.0	4.0	500.0	222.0	130.0	110.0
102	2025-05-21 22:28:59	15.0	15.0	4.0	500.0	222.0	130.0	110.0
105	2025-05-21 22:29:21	15.0	15.0	4.0	500.0	222.0	130.0	110.0
107	2025-05-21 22:29:36	15.0	940.0	4.0	3885795.0	222.0	130.0	110.0
109	2025-05-21 22:29:51	15.0	15.0	4.0	500.0	222.0	130.0	110.0
124	2025-05-21 22:31:43	15.0	928.0	4.0	3985795.0	222.0	130.0	110.0
131	2025-05-21 22:32:36	26.6	935.0	4.0	3996895.0	222.0	130.0	110.0
136	2025-05-21 22:33:14	26.5	92.1	4.0	500.0	222.0	130.0	110.0
137	2025-05-21 22:33:21	26.5	911.3	4.0	4096895.0	222.0	130.0	110.0
142	2025-05-21 22:33:59	26.6	92.3	4.0	500.0	222.0	130.0	110.0
143	2025-05-21 22:34:07	26.6	92.8	4.0	500.0	222.0	130.0	110.0
153	2025-05-21 22:35:23	26.5	92.3	4.1	500.0	245.0	145.0	120.0
157	2025-05-21 22:35:53	26.5	92.8	4.0	500.0	245.0	145.0	120.0
163	2025-05-21 22:36:38	26.5	922.3	4.1	3996895.0	245.0	145.0	120.0
168	2025-05-21 22:37:16	26.5	92.1	4.0	500.0	245.0	145.0	120.0
182	2025-05-21 22:38:59	26.4	92.3	4.0	500.0	245.0	145.0	120.0
188	2025-05-21 22:39:45	26.4	932.6	4.0	3896895.0	245.0	145.0	120.0
189	2025-05-21 22:39:52	26.4	890.6	4.0	3996995.0	245.0	145.0	120.0
192	2025-05-21 22:40:15	26.4	92.4	4.0	500.0	245.0	145.0	120.0
193	2025-05-21 22:40:22	26.4	92.3	4.0	500.0	245.0	145.0	120.0
194	2025-05-21 22:40:30	26.4	92.3	4.0	500.0	245.0	145.0	120.0
197	2025-05-21 22:40:53	26.4	897.0	4.0	3996765.0	245.0	145.0	120.0
202	2025-05-21 22:41:30	26.4	899.4	4.0	3896765.0	245.0	145.0	120.0
207	2025-05-21 22:42:07	26.3	92.6	4.0	500.0	245.0	145.0	120.0
209	2025-05-21 22:42:21	26.3	92.1	4.0	500.0	245.0	145.0	120.0
210	2025-05-21 22:42:29	26.4	92.4	4.0	500.0	245.0	145.0	120.0
212	2025-05-21 22:42:44	26.3	92.1	4.0	500.0	245.0	145.0	120.0
217	2025-05-21 22:43:21	26.3	912.3	3.9	3996865.0	245.0	145.0	120.0
218	2025-05-21 22:43:29	26.3	92.6	3.9	500.0	245.0	145.0	120.0
221	2025-05-21 22:43:51	26.3	919.3	3.9	3986765.0	265.0	150.0	150.0
222	2025-05-21 22:43:59	26.3	91.8	3.9	500.0	265.0	150.0	150.0
223	2025-05-21 22:44:06	26.3	92.1	3.9	500.0	265.0	150.0	150.0
225	2025-05-21 22:44:22	26.3	92.1	3.9	500.0	265.0	150.0	150.0
228	2025-05-21 22:44:44	26.3	932.1	3.9	3786765.0	265.0	150.0	150.0
232	2025-05-21 22:45:15	26.3	91.5	3.9	500.0	265.0	150.0	150.0
237	2025-05-21 22:45:53	26.3	92.1	4.0	500.0	265.0	150.0	150.0
239	2025-05-21 22:46:07	26.4	92.4	4.0	500.0	265.0	150.0	150.0
245	2025-05-21 22:46:50	26.3	958.0	4.0	3686765.0	265.0	150.0	150.0
247	2025-05-21 22:47:05	26.3	91.5	4.0	500.0	265.0	150.0	150.0
251	2025-05-21 22:47:35	26.3	92.3	4.0	500.0	265.0	150.0	150.0
253	2025-05-21 22:47:50	26.2	944.0	4.0	3886765.0	265.0	150.0	150.0
260	2025-05-21 22:48:42	26.3	92.1	3.9	500.0	265.0	150.0	150.0
271	2025-05-21 22:50:02	26.2	92.1	3.9	500.0	265.0	150.0	150.0
278	2025-05-21 22:50:55	26.2	933.4	3.8	3986765.0	265.0	150.0	150.0
282	2025-05-21 22:51:25	26.2	92.1	3.8	500.0	265.0	150.0	150.0
287	2025-05-21 22:52:02	26.2	91.5	3.8	500.0	265.0	150.0	150.0
291	2025-05-21 22:52:31	26.2	922.4	3.8	3986829.0	265.0	150.0	150.0
303	2025-05-21 22:53:59	26.1	92.1	3.8	500.0	265.0	150.0	150.0
306	2025-05-21 22:54:21	26.1	91.5	3.8	500.0	265.0	150.0	150.0
309	2025-05-21 22:54:44	26.1	932.1	3.8	3786754.0	265.0	150.0	150.0
314	2025-05-21 22:55:22	26.1	92.1	3.8	500.0	265.0	150.0	150.0
316	2025-05-21 22:55:37	26.1	92.1	3.8	500.0	265.0	150.0	150.0
319	2025-05-21 22:55:58	26.1	958.0	3.8	3786538.0	265.0	150.0	150.0
320	2025-05-21 22:56:06	26.1	92.4	3.8	500.0	265.0	150.0	150.0
322	2025-05-21 22:56:21	26.1	92.1	3.8	500.0	265.0	150.0	150.0
330	2025-05-21 22:57:20	26.1	942.1	3.8	3886538.0	265.0	150.0	150.0
341	2025-05-21 22:58:39	26.0	91.8	3.8	500.0	265.0	150.0	150.0
345	2025-05-21 22:59:08	26.1	91.5	3.7	500.0	265.0	150.0	150.0
346	2025-05-21 22:59:15	26.1	92.1	3.7	500.0	265.0	150.0	150.0
351	2025-05-21 22:59:51	26.1	92.1	3.8	500.0	265.0	150.0	150.0
354	2025-05-21 23:00:13	26.0	92.3	3.8	500.0	265.0	150.0	150.0
355	2025-05-21 23:00:21	26.0	91.8	3.8	500.0	265.0	150.0	150.0
358	2025-05-21 23:00:42	26.0	92.3	3.8	500.0	265.0	150.0	150.0
369	2025-05-21 23:02:02	26.0	922.1	3.8	3886754.0	265.0	150.0	150.0
374	2025-05-21 23:02:38	26.0	92.0	3.8	500.0	265.0	150.0	150.0
375	2025-05-21 23:02:46	26.0	933.1	3.8	3786888.0	265.0	150.0	150.0
380	2025-05-21 23:03:23	26.0	92.0	3.8	500.0	265.0	150.0	150.0
390	2025-05-21 23:04:37	25.9	91.3	3.8	500.0	265.0	150.0	150.0
393	2025-05-21 23:04:59	25.9	92.0	3.8	500.0	265.0	150.0	150.0
394	2025-05-21 23:05:06	25.9	92.0	3.8	500.0	265.0	150.0	150.0
398	2025-05-21 23:05:36	25.9	944.0	3.8	3986888.0	265.0	150.0	150.0
401	2025-05-21 23:05:58	25.9	950.0	3.8	3786888.0	265.0	150.0	150.0
406	2025-05-21 23:06:35	25.9	92.0	3.8	500.0	265.0	150.0	150.0
408	2025-05-21 23:06:50	25.9	91.5	3.8	500.0	265.0	150.0	150.0
412	2025-05-21 23:07:19	25.8	92.1	3.8	500.0	265.0	150.0	150.0
420	2025-05-21 23:08:18	25.8	91.7	3.8	500.0	265.0	150.0	150.0
421	2025-05-21 23:08:25	25.8	92.0	3.8	500.0	265.0	150.0	150.0
430	2025-05-21 23:09:32	25.9	92.0	3.8	500.0	265.0	150.0	150.0
431	2025-05-21 23:09:40	25.9	91.5	3.8	500.0	265.0	150.0	150.0
434	2025-05-21 23:10:03	25.8	91.5	3.8	500.0	265.0	150.0	150.0
435	2025-05-21 23:10:10	25.9	91.2	3.8	500.0	265.0	150.0	150.0
436	2025-05-21 23:10:17	25.9	942.1	3.8	3786987.0	265.0	150.0	150.0
441	2025-05-21 23:10:55	25.8	91.3	3.8	500.0	265.0	150.0	150.0
442	2025-05-21 23:11:02	25.8	949.0	3.8	3786965.0	265.0	150.0	150.0
444	2025-05-21 23:11:17	25.8	970.0	3.8	3796987.0	265.0	150.0	150.0
461	2025-05-21 23:13:23	25.8	958.0	3.8	3736987.0	265.0	150.0	150.0
467	2025-05-21 23:14:07	25.8	92.1	3.8	500.0	265.0	150.0	150.0
468	2025-05-21 23:14:14	25.8	91.5	3.8	500.0	265.0	150.0	150.0
474	2025-05-21 23:14:58	25.8	91.5	3.8	500.0	265.0	150.0	150.0
477	2025-05-21 23:15:19	25.9	91.5	3.8	500.0	265.0	150.0	150.0
484	2025-05-21 23:16:10	25.8	91.8	3.8	500.0	265.0	150.0	150.0
487	2025-05-21 23:16:33	25.8	941.3	3.8	3739892.0	265.0	150.0	150.0
503	2025-05-21 23:18:30	25.7	92.0	3.8	500.0	265.0	150.0	150.0
508	2025-05-21 23:19:06	25.7	92.0	3.8	500.0	265.0	150.0	150.0
510	2025-05-21 23:19:21	25.8	925.0	3.8	3839892.0	265.0	150.0	150.0
514	2025-05-21 23:19:51	25.8	92.1	3.8	500.0	265.0	150.0	150.0
516	2025-05-21 23:20:06	25.8	91.5	3.8	500.0	265.0	150.0	150.0
518	2025-05-21 23:20:20	25.8	91.5	3.8	500.0	265.0	150.0	150.0
529	2025-05-21 23:21:43	25.8	91.3	3.8	500.0	265.0	150.0	150.0
531	2025-05-21 23:21:58	25.7	92.0	3.8	500.0	265.0	150.0	150.0
535	2025-05-21 23:22:27	25.8	91.5	3.8	500.0	265.0	150.0	150.0
536	2025-05-21 23:22:35	25.7	939.5	3.8	3739898.0	265.0	150.0	150.0
537	2025-05-21 23:22:43	25.8	91.8	3.8	500.0	265.0	150.0	150.0
549	2025-05-21 23:24:13	25.7	920.0	3.7	3839898.0	265.0	150.0	150.0
554	2025-05-21 23:24:49	25.7	925.3	3.7	3939898.0	265.0	150.0	150.0
557	2025-05-21 23:25:12	25.7	92.0	3.7	500.0	265.0	150.0	150.0
570	2025-05-21 23:26:48	25.6	91.0	3.7	500.0	265.0	150.0	150.0
573	2025-05-21 23:27:10	25.6	91.8	3.7	500.0	265.0	150.0	150.0
575	2025-05-21 23:27:24	25.6	91.5	3.7	500.0	265.0	150.0	150.0
577	2025-05-21 23:27:39	25.6	92.0	3.7	500.0	265.0	150.0	150.0
583	2025-05-21 23:28:24	25.6	91.0	3.7	500.0	265.0	150.0	150.0
587	2025-05-21 23:28:55	25.7	91.3	3.7	500.0	265.0	150.0	150.0
591	2025-05-21 23:29:25	25.6	91.0	3.7	500.0	265.0	150.0	150.0
601	2025-05-21 23:30:37	25.6	91.3	3.7	500.0	260.0	100.0	150.0
603	2025-05-21 23:30:52	25.6	930.9	3.7	3839898.0	260.0	100.0	150.0
620	2025-05-21 23:32:57	25.6	92.1	3.6	500.0	260.0	100.0	150.0
625	2025-05-21 23:33:35	25.6	90.7	3.6	500.0	260.0	100.0	150.0
632	2025-05-21 23:34:26	25.6	931.3	3.6	3839789.0	260.0	100.0	150.0
635	2025-05-21 23:34:48	25.6	91.5	3.6	500.0	260.0	100.0	150.0
639	2025-05-21 23:35:17	25.5	921.3	3.6	4039789.0	260.0	100.0	150.0
641	2025-05-21 23:35:33	25.5	91.5	3.6	500.0	260.0	100.0	150.0
644	2025-05-21 23:35:55	25.5	911.3	3.6	3939789.0	260.0	100.0	150.0
647	2025-05-21 23:36:16	25.6	91.7	3.6	500.0	260.0	100.0	150.0
651	2025-05-21 23:36:46	25.6	91.5	3.6	500.0	260.0	100.0	150.0
652	2025-05-21 23:36:53	25.5	91.3	3.6	500.0	260.0	100.0	150.0
654	2025-05-21 23:37:09	25.6	91.3	3.7	500.0	260.0	100.0	150.0
659	2025-05-21 23:37:46	25.5	91.3	3.7	500.0	260.0	100.0	150.0
667	2025-05-21 23:38:46	25.6	91.5	3.7	500.0	260.0	100.0	150.0
672	2025-05-21 23:39:24	25.5	950.2	3.6	3739698.0	260.0	100.0	150.0
675	2025-05-21 23:39:45	25.5	941.3	3.6	3859698.0	260.0	100.0	150.0
676	2025-05-21 23:39:52	25.5	931.0	3.6	3979698.0	245.0	98.0	145.0
681	2025-05-21 23:40:30	25.6	91.3	3.7	500.0	245.0	98.0	145.0
682	2025-05-21 23:40:37	25.6	921.5	3.7	3879698.0	245.0	98.0	145.0
684	2025-05-21 23:40:52	25.6	915.5	3.7	4079698.0	245.0	98.0	145.0
686	2025-05-21 23:41:07	25.6	92.1	3.7	500.0	245.0	98.0	145.0
691	2025-05-21 23:41:44	25.6	91.0	3.6	500.0	245.0	98.0	145.0
694	2025-05-21 23:42:06	25.6	91.5	3.6	500.0	245.0	98.0	145.0
704	2025-05-21 23:43:18	25.6	91.5	3.6	500.0	245.0	98.0	145.0
705	2025-05-21 23:43:26	25.6	91.5	3.6	500.0	245.0	98.0	145.0
706	2025-05-21 23:43:34	25.6	91.5	3.6	500.0	245.0	98.0	145.0
712	2025-05-21 23:44:16	25.6	91.5	3.6	500.0	245.0	98.0	145.0
716	2025-05-21 23:44:45	25.5	91.5	3.6	500.0	245.0	98.0	145.0
728	2025-05-21 23:46:19	25.6	91.0	3.6	500.0	245.0	98.0	145.0
730	2025-05-21 23:46:34	25.6	940.3	3.6	3979898.0	230.0	97.0	140.0
733	2025-05-21 23:46:55	25.6	90.9	3.6	500.0	230.0	97.0	140.0
739	2025-05-21 23:47:39	25.6	938.6	3.6	3879898.0	230.0	97.0	140.0
742	2025-05-21 23:48:01	25.6	91.3	3.6	500.0	230.0	97.0	140.0
743	2025-05-21 23:48:09	25.6	91.3	3.6	500.0	230.0	97.0	140.0
762	2025-05-21 23:50:31	25.5	91.0	3.6	500.0	230.0	97.0	140.0
765	2025-05-21 23:50:53	25.6	890.0	3.6	3999898.0	230.0	97.0	140.0
767	2025-05-21 23:51:08	25.5	91.3	3.6	500.0	230.0	97.0	140.0
777	2025-05-21 23:52:24	25.6	90.6	3.6	500.0	230.0	97.0	140.0
778	2025-05-21 23:52:31	25.6	91.0	3.6	500.0	230.0	97.0	140.0
780	2025-05-21 23:52:47	25.5	90.9	3.6	500.0	230.0	97.0	140.0
781	2025-05-21 23:52:54	25.5	928.0	3.6	3899898.0	230.0	97.0	140.0
787	2025-05-21 23:53:38	25.5	91.0	3.5	500.0	230.0	97.0	140.0
788	2025-05-21 23:53:45	25.5	91.3	3.5	500.0	230.0	97.0	140.0
789	2025-05-21 23:53:52	25.6	90.7	3.5	500.0	230.0	97.0	140.0
793	2025-05-21 23:54:22	25.5	90.6	3.5	500.0	230.0	97.0	140.0
804	2025-05-21 23:55:44	25.5	91.0	3.4	500.0	230.0	97.0	140.0
806	2025-05-21 23:55:58	25.5	921.3	3.4	3799898.0	230.0	90.0	140.0
807	2025-05-21 23:56:06	25.5	91.0	3.4	500.0	230.0	90.0	140.0
808	2025-05-21 23:56:13	25.6	90.9	3.4	500.0	230.0	90.0	140.0
812	2025-05-21 23:56:41	25.5	90.7	3.5	500.0	230.0	90.0	140.0
814	2025-05-21 23:56:56	25.5	91.3	3.6	500.0	230.0	90.0	140.0
821	2025-05-21 23:57:47	25.5	880.6	3.9	3997898.0	230.0	90.0	140.0
824	2025-05-21 23:58:09	25.5	90.9	4.0	500.0	230.0	90.0	140.0
833	2025-05-21 23:59:15	25.6	91.3	4.0	500.0	230.0	90.0	140.0
834	2025-05-21 23:59:22	25.5	90.6	4.0	500.0	230.0	90.0	140.0
842	2025-05-22 00:00:22	25.5	90.7	4.1	500.0	230.0	90.0	140.0
846	2025-05-22 00:00:53	25.5	900.0	4.1	3897898.0	230.0	90.0	140.0
849	2025-05-22 00:01:15	25.5	91.5	4.1	500.0	230.0	90.0	140.0
850	2025-05-22 00:01:23	25.5	910.9	4.1	3977898.0	230.0	67.0	140.0
870	2025-05-22 00:03:55	25.4	91.5	4.1	500.0	230.0	67.0	140.0
887	2025-05-22 00:06:03	25.4	90.6	4.0	500.0	230.0	67.0	140.0
888	2025-05-22 00:06:10	25.4	90.6	4.0	500.0	230.0	67.0	140.0
892	2025-05-22 00:06:41	25.4	930.0	4.0	3877898.0	230.0	67.0	140.0
902	2025-05-22 00:07:56	25.5	91.2	4.0	500.0	230.0	67.0	140.0
903	2025-05-22 00:08:03	25.4	91.5	4.0	500.0	230.0	67.0	140.0
905	2025-05-22 00:08:18	25.5	90.9	4.0	500.0	230.0	67.0	140.0
908	2025-05-22 00:08:40	25.5	91.3	4.0	500.0	230.0	67.0	140.0
912	2025-05-22 00:09:11	25.5	91.3	4.0	500.0	230.0	67.0	140.0
923	2025-05-22 00:10:31	25.5	910.6	4.1	3977780.0	230.0	67.0	140.0
936	2025-05-22 00:12:08	25.5	91.3	4.0	500.0	230.0	67.0	140.0
937	2025-05-22 00:12:15	25.5	920.6	4.0	3877780.0	230.0	67.0	140.0
941	2025-05-22 00:12:46	25.5	90.6	4.0	500.0	230.0	67.0	140.0
948	2025-05-22 00:13:38	25.4	91.0	4.0	500.0	230.0	67.0	140.0
950	2025-05-22 00:13:53	25.5	90.7	4.0	500.0	230.0	67.0	140.0
951	2025-05-22 00:14:00	25.4	91.0	4.0	500.0	230.0	67.0	140.0
961	2025-05-22 00:15:15	25.4	921.0	3.9	3977782.0	230.0	67.0	140.0
966	2025-05-22 00:15:53	25.4	930.7	3.9	3877782.0	230.0	67.0	140.0
970	2025-05-22 00:16:23	25.4	91.0	3.9	500.0	230.0	67.0	140.0
971	2025-05-22 00:16:30	25.4	91.3	3.9	500.0	230.0	67.0	140.0
972	2025-05-22 00:16:38	25.4	91.3	3.9	500.0	230.0	67.0	140.0
979	2025-05-22 00:17:30	25.4	91.2	3.9	500.0	230.0	67.0	140.0
981	2025-05-22 00:17:45	25.4	90.7	3.9	500.0	230.0	67.0	140.0
982	2025-05-22 00:17:52	25.4	91.5	3.9	500.0	230.0	67.0	140.0
991	2025-05-22 00:19:00	25.4	90.7	3.9	500.0	230.0	67.0	140.0
994	2025-05-22 00:19:23	25.4	930.9	3.9	3896782.0	230.0	67.0	140.0
1006	2025-05-22 00:20:52	25.4	91.3	3.9	500.0	230.0	67.0	140.0
1009	2025-05-22 00:21:15	25.4	90.6	3.9	500.0	230.0	67.0	140.0
1011	2025-05-22 00:21:30	25.4	90.6	3.9	500.0	230.0	67.0	140.0
1014	2025-05-22 00:21:52	15.0	910.0	4.0	3996782.0	230.0	67.0	140.0
1018	2025-05-22 00:22:21	15.0	900.0	4.0	4096782.0	230.0	67.0	140.0
1021	2025-05-22 00:22:44	14.0	15.0	4.0	500.0	230.0	67.0	140.0
1	2025-05-21 22:16:29	15.0	900.0	4.0	3895782.0	180.0	77.0	145.0
5	2025-05-21 22:16:59	15.0	15.0	4.0	500.0	180.0	77.0	145.0
14	2025-05-21 22:18:07	15.0	15.0	4.0	500.0	180.0	77.0	145.0
15	2025-05-21 22:18:14	15.0	15.0	4.0	500.0	180.0	77.0	145.0
17	2025-05-21 22:18:28	15.0	15.0	4.0	500.0	180.0	77.0	145.0
20	2025-05-21 22:18:50	15.0	15.0	4.0	500.0	180.0	77.0	145.0
41	2025-05-21 22:21:22	15.0	15.0	4.0	500.0	180.0	77.0	145.0
55	2025-05-21 22:23:07	15.0	15.0	4.0	500.0	180.0	77.0	145.0
65	2025-05-21 22:24:21	15.0	15.0	4.0	500.0	180.0	77.0	145.0
68	2025-05-21 22:24:43	15.0	15.0	4.0	500.0	180.0	77.0	145.0
72	2025-05-21 22:25:13	15.0	15.0	4.0	500.0	180.0	77.0	145.0
73	2025-05-21 22:25:21	26.8	92.3	4.1	500.0	180.0	77.0	145.0
77	2025-05-21 22:25:51	26.8	900.6	4.1	3898782.0	180.0	77.0	145.0
83	2025-05-21 22:26:37	26.8	922.9	4.1	3998782.0	180.0	77.0	145.0
97	2025-05-21 22:28:21	26.6	932.4	4.0	3798782.0	180.0	77.0	145.0
102	2025-05-21 22:28:59	26.7	92.3	4.1	500.0	180.0	77.0	145.0
105	2025-05-21 22:29:21	26.7	92.3	4.2	500.0	180.0	77.0	145.0
107	2025-05-21 22:29:36	26.7	92.1	4.1	500.0	200.0	62.0	155.0
109	2025-05-21 22:29:51	26.6	92.9	4.1	500.0	200.0	62.0	155.0
124	2025-05-21 22:31:43	26.6	92.9	4.0	500.0	200.0	62.0	155.0
131	2025-05-21 22:32:36	26.6	92.4	4.0	500.0	200.0	62.0	155.0
136	2025-05-21 22:33:14	26.5	92.1	4.0	500.0	200.0	62.0	155.0
137	2025-05-21 22:33:21	26.5	92.3	4.0	500.0	200.0	62.0	155.0
142	2025-05-21 22:33:59	26.6	92.3	4.0	500.0	200.0	62.0	155.0
143	2025-05-21 22:34:07	26.6	942.8	4.0	3892782.0	200.0	62.0	155.0
153	2025-05-21 22:35:23	26.5	92.3	4.1	500.0	200.0	62.0	155.0
157	2025-05-21 22:35:53	26.5	92.8	4.0	500.0	200.0	62.0	155.0
163	2025-05-21 22:36:38	26.5	932.3	4.1	3992782.0	200.0	62.0	155.0
168	2025-05-21 22:37:16	26.5	92.1	4.0	500.0	200.0	62.0	155.0
182	2025-05-21 22:38:59	26.4	929.3	4.0	3892796.0	200.0	62.0	155.0
188	2025-05-21 22:39:45	26.4	92.6	4.0	500.0	200.0	62.0	155.0
189	2025-05-21 22:39:52	26.4	92.6	4.0	500.0	200.0	62.0	155.0
192	2025-05-21 22:40:15	26.4	92.4	4.0	500.0	200.0	62.0	155.0
193	2025-05-21 22:40:22	26.4	932.3	4.0	3992796.0	200.0	62.0	155.0
194	2025-05-21 22:40:30	26.4	882.3	4.0	4092796.0	215.0	58.0	160.0
197	2025-05-21 22:40:53	26.4	942.0	4.0	3892796.0	215.0	58.0	160.0
202	2025-05-21 22:41:30	26.4	92.4	4.0	500.0	215.0	58.0	160.0
207	2025-05-21 22:42:07	26.3	92.6	4.0	500.0	215.0	58.0	160.0
209	2025-05-21 22:42:21	26.3	92.1	4.0	500.0	215.0	58.0	160.0
210	2025-05-21 22:42:29	26.4	92.4	4.0	500.0	215.0	58.0	160.0
212	2025-05-21 22:42:44	26.3	92.1	4.0	500.0	215.0	58.0	160.0
217	2025-05-21 22:43:21	26.3	92.3	3.9	500.0	215.0	58.0	160.0
218	2025-05-21 22:43:29	26.3	92.6	3.9	500.0	215.0	58.0	160.0
221	2025-05-21 22:43:51	26.3	92.3	3.9	500.0	215.0	58.0	160.0
222	2025-05-21 22:43:59	26.3	921.8	3.9	3898696.0	215.0	58.0	160.0
223	2025-05-21 22:44:06	26.3	930.1	3.9	3798696.0	215.0	58.0	160.0
225	2025-05-21 22:44:22	26.3	92.1	3.9	500.0	215.0	58.0	160.0
228	2025-05-21 22:44:44	26.3	92.1	3.9	500.0	215.0	58.0	160.0
232	2025-05-21 22:45:15	26.3	91.5	3.9	500.0	215.0	58.0	160.0
237	2025-05-21 22:45:53	26.3	922.1	4.0	3896696.0	215.0	58.0	160.0
239	2025-05-21 22:46:07	26.4	92.4	4.0	500.0	300.0	123.0	166.0
245	2025-05-21 22:46:50	26.3	92.0	4.0	500.0	300.0	123.0	166.0
247	2025-05-21 22:47:05	26.3	91.5	4.0	500.0	300.0	123.0	166.0
251	2025-05-21 22:47:35	26.3	92.3	4.0	500.0	300.0	123.0	166.0
253	2025-05-21 22:47:50	26.2	92.1	4.0	500.0	300.0	123.0	166.0
260	2025-05-21 22:48:42	26.3	912.1	3.9	3896796.0	300.0	123.0	166.0
271	2025-05-21 22:50:02	26.2	92.1	3.9	500.0	300.0	123.0	166.0
278	2025-05-21 22:50:55	26.2	92.4	3.8	500.0	300.0	123.0	166.0
282	2025-05-21 22:51:25	26.2	92.1	3.8	500.0	300.0	123.0	166.0
287	2025-05-21 22:52:02	26.2	91.5	3.8	500.0	300.0	123.0	166.0
291	2025-05-21 22:52:31	26.2	930.4	3.8	3796796.0	300.0	123.0	166.0
303	2025-05-21 22:53:59	26.1	902.1	3.8	3996796.0	300.0	123.0	166.0
306	2025-05-21 22:54:21	26.1	91.5	3.8	500.0	300.0	123.0	166.0
309	2025-05-21 22:54:44	26.1	92.1	3.8	500.0	300.0	123.0	166.0
314	2025-05-21 22:55:22	26.1	92.1	3.8	500.0	300.0	123.0	166.0
316	2025-05-21 22:55:37	26.1	92.1	3.8	500.0	300.0	123.0	166.0
319	2025-05-21 22:55:58	26.1	92.0	3.8	500.0	300.0	123.0	166.0
320	2025-05-21 22:56:06	26.1	92.4	3.8	500.0	300.0	123.0	166.0
322	2025-05-21 22:56:21	26.1	92.1	3.8	500.0	300.0	123.0	166.0
330	2025-05-21 22:57:20	26.1	932.1	3.8	3896799.0	300.0	123.0	166.0
341	2025-05-21 22:58:39	26.0	91.8	3.8	500.0	300.0	123.0	166.0
345	2025-05-21 22:59:08	26.1	91.5	3.7	500.0	300.0	123.0	166.0
346	2025-05-21 22:59:15	26.1	902.1	3.7	3996799.0	300.0	123.0	166.0
351	2025-05-21 22:59:51	26.1	92.1	3.8	500.0	300.0	123.0	166.0
354	2025-05-21 23:00:13	26.0	92.3	3.8	500.0	300.0	123.0	166.0
355	2025-05-21 23:00:21	26.0	911.8	3.8	3896799.0	300.0	123.0	166.0
358	2025-05-21 23:00:42	26.0	912.3	3.8	3896799.0	300.0	123.0	166.0
369	2025-05-21 23:02:02	26.0	92.1	3.8	500.0	300.0	123.0	166.0
374	2025-05-21 23:02:38	26.0	92.0	3.8	500.0	300.0	123.0	166.0
375	2025-05-21 23:02:46	26.0	92.1	3.8	500.0	300.0	123.0	166.0
380	2025-05-21 23:03:23	26.0	92.0	3.8	500.0	300.0	123.0	166.0
390	2025-05-21 23:04:37	25.9	931.3	3.8	3796799.0	300.0	123.0	166.0
393	2025-05-21 23:04:59	25.9	92.0	3.8	500.0	300.0	123.0	166.0
394	2025-05-21 23:05:06	25.9	92.0	3.8	500.0	300.0	123.0	166.0
398	2025-05-21 23:05:36	25.9	91.3	3.8	500.0	300.0	123.0	166.0
401	2025-05-21 23:05:58	25.9	92.1	3.8	500.0	300.0	123.0	166.0
406	2025-05-21 23:06:35	25.9	932.0	3.8	3886794.0	300.0	123.0	166.0
408	2025-05-21 23:06:50	25.9	921.5	3.8	3986794.0	300.0	123.0	166.0
412	2025-05-21 23:07:19	25.8	92.1	3.8	500.0	300.0	123.0	166.0
420	2025-05-21 23:08:18	25.8	941.7	3.8	3786794.0	300.0	123.0	166.0
421	2025-05-21 23:08:25	25.8	92.0	3.8	500.0	300.0	123.0	166.0
430	2025-05-21 23:09:32	25.9	92.0	3.8	500.0	300.0	123.0	166.0
431	2025-05-21 23:09:40	25.9	91.5	3.8	500.0	300.0	123.0	166.0
434	2025-05-21 23:10:03	25.8	939.5	8.0	3876794.0	300.0	123.0	166.0
435	2025-05-21 23:10:10	25.9	91.2	8.0	520.0	300.0	123.0	166.0
436	2025-05-21 23:10:17	25.9	932.1	8.0	3976794.0	300.0	123.0	166.0
441	2025-05-21 23:10:55	25.8	91.3	8.0	520.0	300.0	123.0	166.0
442	2025-05-21 23:11:02	25.8	92.0	8.0	520.0	300.0	123.0	166.0
444	2025-05-21 23:11:17	25.8	91.8	8.0	520.0	300.0	123.0	166.0
461	2025-05-21 23:13:23	25.8	932.1	8.0	3975694.0	300.0	123.0	166.0
467	2025-05-21 23:14:07	25.8	933.1	8.0	3875694.0	300.0	123.0	166.0
468	2025-05-21 23:14:14	25.8	91.5	8.0	520.0	300.0	123.0	166.0
474	2025-05-21 23:14:58	25.8	931.5	8.0	3975691.0	300.0	123.0	166.0
477	2025-05-21 23:15:19	25.9	911.5	8.0	4075691.0	300.0	123.0	166.0
484	2025-05-21 23:16:10	25.8	91.8	8.0	520.0	300.0	123.0	166.0
487	2025-05-21 23:16:33	25.8	971.3	8.0	3875691.0	300.0	123.0	166.0
503	2025-05-21 23:18:30	25.7	92.0	8.0	520.0	300.0	123.0	166.0
508	2025-05-21 23:19:06	25.7	920.0	8.0	3985691.0	300.0	123.0	166.0
510	2025-05-21 23:19:21	25.8	928.0	8.0	3975671.0	300.0	123.0	166.0
514	2025-05-21 23:19:51	25.8	92.1	8.0	520.0	300.0	123.0	166.0
516	2025-05-21 23:20:06	25.8	91.5	8.0	520.0	300.0	123.0	166.0
518	2025-05-21 23:20:20	25.8	941.5	8.0	3985691.0	300.0	123.0	166.0
529	2025-05-21 23:21:43	25.8	91.3	8.0	520.0	300.0	123.0	166.0
531	2025-05-21 23:21:58	25.7	92.0	8.0	520.0	300.0	123.0	166.0
535	2025-05-21 23:22:27	25.8	931.5	8.0	3985687.0	300.0	123.0	166.0
536	2025-05-21 23:22:35	25.7	941.5	8.0	3885687.0	300.0	123.0	166.0
537	2025-05-21 23:22:43	25.8	91.8	8.0	520.0	300.0	123.0	166.0
549	2025-05-21 23:24:13	25.7	92.0	8.0	520.0	300.0	123.0	166.0
554	2025-05-21 23:24:49	25.7	921.3	8.0	3985287.0	300.0	123.0	166.0
557	2025-05-21 23:25:12	25.7	92.0	8.0	520.0	300.0	123.0	166.0
570	2025-05-21 23:26:48	25.6	921.0	8.0	3985287.0	300.0	123.0	166.0
573	2025-05-21 23:27:10	25.6	91.8	8.0	520.0	300.0	123.0	166.0
575	2025-05-21 23:27:24	25.6	91.5	8.0	520.0	300.0	123.0	166.0
577	2025-05-21 23:27:39	25.6	92.0	8.0	520.0	300.0	123.0	166.0
583	2025-05-21 23:28:24	25.6	930.0	8.0	3885290.0	300.0	123.0	166.0
587	2025-05-21 23:28:55	25.7	91.3	8.0	520.0	300.0	123.0	166.0
591	2025-05-21 23:29:25	25.6	91.0	8.0	520.0	300.0	123.0	166.0
601	2025-05-21 23:30:37	25.6	931.3	3.7	3985282.0	300.0	123.0	166.0
603	2025-05-21 23:30:52	25.6	940.9	3.7	3885282.0	300.0	123.0	166.0
620	2025-05-21 23:32:57	25.6	92.1	3.6	520.0	300.0	123.0	166.0
625	2025-05-21 23:33:35	25.6	90.7	3.6	520.0	300.0	123.0	166.0
632	2025-05-21 23:34:26	25.6	91.3	3.6	520.0	300.0	123.0	166.0
635	2025-05-21 23:34:48	25.6	922.5	3.6	3885289.0	300.0	123.0	166.0
639	2025-05-21 23:35:17	25.5	901.3	3.6	3985299.0	300.0	123.0	166.0
641	2025-05-21 23:35:33	25.5	91.5	3.6	520.0	300.0	123.0	166.0
644	2025-05-21 23:35:55	25.5	921.3	3.6	3985291.0	300.0	123.0	166.0
647	2025-05-21 23:36:16	25.6	911.7	3.6	3885291.0	300.0	123.0	166.0
651	2025-05-21 23:36:46	25.6	91.5	3.6	520.0	300.0	123.0	166.0
652	2025-05-21 23:36:53	25.5	911.3	3.6	3855287.0	300.0	123.0	166.0
654	2025-05-21 23:37:09	25.6	921.3	3.7	3885287.0	300.0	123.0	166.0
659	2025-05-21 23:37:46	25.5	91.3	3.7	520.0	300.0	123.0	166.0
667	2025-05-21 23:38:46	25.6	91.5	3.7	520.0	300.0	123.0	166.0
672	2025-05-21 23:39:24	25.5	91.2	3.6	520.0	300.0	123.0	166.0
675	2025-05-21 23:39:45	25.5	91.3	3.6	520.0	300.0	123.0	166.0
676	2025-05-21 23:39:52	25.5	91.0	3.6	520.0	300.0	123.0	166.0
681	2025-05-21 23:40:30	25.6	91.3	3.7	520.0	300.0	123.0	166.0
682	2025-05-21 23:40:37	25.6	91.5	3.7	520.0	300.0	123.0	166.0
684	2025-05-21 23:40:52	25.6	91.5	3.7	520.0	300.0	123.0	166.0
686	2025-05-21 23:41:07	25.6	952.1	3.7	3755287.0	300.0	123.0	166.0
691	2025-05-21 23:41:44	25.6	921.0	3.6	3955287.0	300.0	123.0	166.0
694	2025-05-21 23:42:06	25.6	91.5	3.6	520.0	300.0	123.0	166.0
704	2025-05-21 23:43:18	25.6	91.5	3.6	520.0	300.0	123.0	166.0
705	2025-05-21 23:43:26	25.6	91.5	3.6	520.0	300.0	123.0	166.0
706	2025-05-21 23:43:34	25.6	91.5	3.6	520.0	300.0	123.0	166.0
712	2025-05-21 23:44:16	25.6	91.5	3.6	520.0	300.0	123.0	166.0
716	2025-05-21 23:44:45	25.5	91.5	3.6	520.0	300.0	123.0	166.0
728	2025-05-21 23:46:19	25.6	911.0	3.6	3965287.0	300.0	123.0	166.0
730	2025-05-21 23:46:34	25.6	91.3	3.6	520.0	300.0	123.0	166.0
733	2025-05-21 23:46:55	25.6	902.9	3.6	4065287.0	300.0	123.0	166.0
739	2025-05-21 23:47:39	25.6	940.6	3.6	3865287.0	300.0	123.0	166.0
742	2025-05-21 23:48:01	25.6	91.3	3.6	520.0	300.0	123.0	166.0
743	2025-05-21 23:48:09	25.6	91.3	3.6	520.0	300.0	123.0	166.0
762	2025-05-21 23:50:31	25.5	91.0	3.6	520.0	300.0	123.0	166.0
765	2025-05-21 23:50:53	25.6	921.0	3.6	3865487.0	300.0	123.0	166.0
767	2025-05-21 23:51:08	25.5	91.3	3.6	520.0	300.0	123.0	166.0
777	2025-05-21 23:52:24	25.6	90.6	3.6	520.0	300.0	123.0	166.0
778	2025-05-21 23:52:31	25.6	912.0	3.6	4065487.0	300.0	123.0	166.0
780	2025-05-21 23:52:47	25.5	920.9	3.6	4053487.0	300.0	123.0	166.0
781	2025-05-21 23:52:54	25.5	941.0	3.6	3953487.0	300.0	123.0	166.0
787	2025-05-21 23:53:38	25.5	91.0	3.5	520.0	300.0	123.0	166.0
788	2025-05-21 23:53:45	25.5	91.3	3.5	520.0	300.0	123.0	166.0
789	2025-05-21 23:53:52	25.6	910.7	3.5	3923487.0	300.0	123.0	166.0
793	2025-05-21 23:54:22	25.5	90.6	3.5	520.0	300.0	123.0	166.0
804	2025-05-21 23:55:44	25.5	91.0	3.4	520.0	300.0	123.0	166.0
806	2025-05-21 23:55:58	25.5	91.3	3.4	520.0	300.0	123.0	166.0
807	2025-05-21 23:56:06	25.5	91.0	3.4	520.0	300.0	123.0	166.0
808	2025-05-21 23:56:13	25.6	90.9	3.4	520.0	300.0	123.0	166.0
812	2025-05-21 23:56:41	25.5	920.7	3.5	3823487.0	300.0	123.0	166.0
814	2025-05-21 23:56:56	25.5	91.3	3.6	520.0	300.0	123.0	166.0
821	2025-05-21 23:57:47	25.5	909.6	3.9	3923428.0	300.0	123.0	166.0
824	2025-05-21 23:58:09	25.5	90.9	4.0	520.0	300.0	123.0	166.0
833	2025-05-21 23:59:15	25.6	91.3	4.0	520.0	300.0	123.0	166.0
834	2025-05-21 23:59:22	25.5	90.6	4.0	520.0	300.0	123.0	166.0
842	2025-05-22 00:00:22	25.5	90.7	4.1	520.0	300.0	123.0	166.0
846	2025-05-22 00:00:53	25.5	91.0	4.1	520.0	300.0	123.0	166.0
849	2025-05-22 00:01:15	25.5	911.5	4.1	3923488.0	300.0	123.0	166.0
850	2025-05-22 00:01:23	25.5	90.9	4.1	520.0	300.0	123.0	166.0
870	2025-05-22 00:03:55	25.4	91.5	4.1	520.0	300.0	123.0	166.0
887	2025-05-22 00:06:03	25.4	90.6	4.0	520.0	300.0	123.0	166.0
888	2025-05-22 00:06:10	25.4	904.6	4.0	4023488.0	300.0	123.0	166.0
892	2025-05-22 00:06:41	25.4	931.0	4.0	3923423.0	300.0	123.0	166.0
902	2025-05-22 00:07:56	25.5	941.2	4.0	3953423.0	300.0	123.0	166.0
903	2025-05-22 00:08:03	25.4	951.5	4.0	3853423.0	300.0	123.0	166.0
905	2025-05-22 00:08:18	25.5	90.9	4.0	520.0	300.0	123.0	166.0
908	2025-05-22 00:08:40	25.5	941.3	4.0	3773423.0	300.0	123.0	166.0
912	2025-05-22 00:09:11	25.5	91.3	4.0	520.0	300.0	123.0	166.0
923	2025-05-22 00:10:31	25.5	90.6	4.1	520.0	300.0	123.0	166.0
936	2025-05-22 00:12:08	25.5	91.3	4.0	520.0	300.0	123.0	166.0
937	2025-05-22 00:12:15	25.5	90.6	4.0	520.0	300.0	123.0	166.0
941	2025-05-22 00:12:46	25.5	90.6	4.0	520.0	300.0	123.0	166.0
948	2025-05-22 00:13:38	25.4	91.0	4.0	520.0	300.0	123.0	166.0
950	2025-05-22 00:13:53	25.5	930.7	4.0	3873423.0	300.0	123.0	166.0
951	2025-05-22 00:14:00	25.4	91.0	4.0	520.0	300.0	123.0	166.0
961	2025-05-22 00:15:15	25.4	922.0	3.9	3873890.0	21.0	24.0	22.0
966	2025-05-22 00:15:53	25.4	920.7	3.9	3873890.0	55.0	45.0	60.0
970	2025-05-22 00:16:23	15.0	15.0	5.0	520.0	56.0	40.0	62.0
971	2025-05-22 00:16:30	15.0	15.0	5.0	520.0	57.0	42.0	60.0
972	2025-05-22 00:16:38	14.0	15.0	5.0	520.0	56.0	43.0	60.0
979	2025-05-22 00:17:30	15.0	930.0	5.0	3879890.0	58.0	40.0	61.0
981	2025-05-22 00:17:45	15.0	15.0	5.0	520.0	57.0	45.0	59.0
982	2025-05-22 00:17:52	15.0	940.0	5.0	38798905.0	58.0	44.0	57.0
991	2025-05-22 00:19:00	15.0	920.0	5.0	39798905.0	55.0	45.0	49.0
994	2025-05-22 00:19:23	15.0	15.0	5.0	520.0	57.1	44.4	52.9
1006	2025-05-22 00:20:52	15.0	15.0	5.0	520.0	57.3	44.7	51.7
1009	2025-05-22 00:21:15	15.0	15.0	5.0	520.0	57.4	45.0	50.5
1011	2025-05-22 00:21:30	15.0	900.0	5.0	38728905.0	57.6	45.3	49.2
1014	2025-05-22 00:21:52	15.0	15.0	5.0	520.0	57.7	45.6	48.0
1018	2025-05-22 00:22:21	15.0	920.0	5.0	38798998.0	57.9	45.9	46.7
1021	2025-05-22 00:22:44	15.0	15.0	5.0	520.0	58.0	46.3	45.5
